0 0.177083 0.304167 0.133333 0.113889
0 0.184635 0.402315 0.146354 0.119444
0 0.397656 0.696759 0.142187 0.278704
0 0.280729 0.868056 0.126042 0.236111
0 0.397135 0.860648 0.149479 0.169444
0 0.407031 0.963889 0.142187 0.111111
0 0.553385 0.150000 0.080729 0.155556
0 0.557552 0.287037 0.075521 0.162963
0 0.684115 0.158333 0.108854 0.148148
0 0.675000 0.286111 0.116667 0.168519
0 0.557292 0.520370 0.102083 0.116667
0 0.552865 0.596296 0.098437 0.111111
0 0.552083 0.735648 0.085417 0.152778
0 0.547396 0.817593 0.109375 0.131481
0 0.674219 0.772685 0.121354 0.150926
0 0.562500 0.947222 0.079167 0.103704
0 0.608333 0.902778 0.083333 0.094444
0 0.685156 0.854167 0.104688 0.093519
0 0.715104 0.944907 0.103125 0.106481
0 0.677083 0.426852 0.107292 0.112963
0 0.669010 0.508333 0.107813 0.125926
0 0.668229 0.589352 0.095833 0.117593
0 0.342187 0.512500 0.052083 0.087963
0 0.417187 0.393519 0.043750 0.088889
0 0.234635 0.137500 0.103646 0.126852
0 0.239844 0.240741 0.100521 0.122222
0 0.655729 0.048611 0.102083 0.095370
0 0.758854 0.693981 0.090625 0.130556
0 0.163021 0.587500 0.107292 0.110185
0 0.203125 0.661574 0.034375 0.125000
0 0.214583 0.752778 0.036458 0.138889
