0 0.174219 0.307870 0.136979 0.106481
0 0.178906 0.407870 0.132812 0.082407
0 0.237760 0.146296 0.084896 0.105556
0 0.222656 0.281019 0.081771 0.100926
0 0.243229 0.245370 0.091667 0.116667
0 0.553385 0.145370 0.082812 0.159259
0 0.554688 0.288426 0.084375 0.147222
0 0.683333 0.167130 0.095833 0.132407
0 0.672135 0.286111 0.108854 0.144444
0 0.557813 0.521296 0.095833 0.124074
0 0.669271 0.433333 0.091667 0.098148
0 0.667708 0.517130 0.092708 0.100926
0 0.666146 0.603241 0.086458 0.082407
0 0.557552 0.600000 0.091146 0.098148
0 0.396094 0.699537 0.136979 0.247222
0 0.397135 0.837500 0.132812 0.187963
0 0.167708 0.584259 0.094792 0.094444
0 0.279167 0.872685 0.109375 0.232407
0 0.402083 0.962963 0.132292 0.068519
0 0.552344 0.742593 0.078646 0.122222
0 0.607812 0.909722 0.076042 0.067593
0 0.562240 0.948148 0.079687 0.111111
0 0.718229 0.943519 0.092708 0.107407
0 0.675781 0.765741 0.117188 0.135185
0 0.753646 0.693056 0.075000 0.115741
0 0.654427 0.043519 0.095312 0.087037
0 0.975000 0.215278 0.065625 0.099074
0 0.973958 0.287037 0.067708 0.098148
0 0.975000 0.353241 0.080208 0.113889
0 0.968490 0.426852 0.079687 0.111111
0 0.970313 0.483333 0.088542 0.118519
0 0.964323 0.543056 0.083854 0.123148
0 0.952083 0.621296 0.093750 0.164815
0 0.941927 0.697685 0.101562 0.147222
0 0.925000 0.771296 0.088542 0.150000
0 0.917448 0.845833 0.084896 0.149074
0 0.900521 0.177315 0.046875 0.060185
0 0.894271 0.224074 0.084375 0.081481
0 0.892448 0.289352 0.085938 0.089815
0 0.832552 0.256019 0.033854 0.086111
0 0.833594 0.161574 0.077604 0.086111
0 0.806250 0.234722 0.030208 0.073148
0 0.779687 0.156481 0.030208 0.077778
0 0.779948 0.071759 0.073438 0.076852
0 0.421094 0.385648 0.032813 0.060185
0 0.550521 0.821296 0.107292 0.124074
0 0.204948 0.687037 0.041146 0.096296
0 0.218229 0.783796 0.043750 0.086111
0 0.254948 0.061574 0.060937 0.036111
0 0.848698 0.469907 0.041146 0.136111
0 0.822917 0.578704 0.036458 0.081481
0 0.813802 0.631019 0.034896 0.084259
0 0.810156 0.697685 0.035937 0.091667
0 0.809375 0.352778 0.016667 0.098148
0 0.836979 0.368519 0.053125 0.083333
0 0.791146 0.345370 0.021875 0.087037
0 0.770833 0.328241 0.018750 0.097222
0 0.748437 0.299074 0.013542 0.038889
0 0.734115 0.328241 0.015104 0.047222
0 0.747135 0.342130 0.013021 0.045370
0 0.733594 0.372685 0.013021 0.045370
0 0.745313 0.387963 0.008333 0.046296
0 0.749740 0.144444 0.023438 0.072222
0 0.749740 0.202315 0.036979 0.073148
0 0.765625 0.518056 0.018750 0.086111
0 0.780208 0.555093 0.019792 0.087963
0 0.760156 0.589352 0.016146 0.075000
0 0.782292 0.631944 0.022917 0.076852
0 0.843750 0.637500 0.021875 0.086111
0 0.871094 0.671759 0.035937 0.106481
0 0.863021 0.753241 0.033333 0.100926
0 0.836979 0.721759 0.028125 0.082407
0 0.543490 0.413889 0.074479 0.094444
0 0.507552 0.250000 0.014063 0.103704
0 0.622396 0.146759 0.028125 0.104630
0 0.295573 0.494907 0.021354 0.100926
0 0.288281 0.387500 0.021354 0.099074
0 0.900000 0.438426 0.050000 0.125000
0 0.889062 0.531019 0.039583 0.112037
0 0.248958 0.696296 0.025000 0.068519
0 0.242448 0.616667 0.020313 0.064815
0 0.237240 0.530093 0.019271 0.071296
0 0.247656 0.557407 0.014063 0.051852
0 0.260677 0.598611 0.013021 0.050926
0 0.254427 0.640278 0.019271 0.063889
0 0.239583 0.473611 0.015625 0.041667
0 0.271094 0.456019 0.015104 0.065741
0 0.265885 0.383796 0.015104 0.063889
0 0.252604 0.445833 0.011458 0.076852
0 0.254688 0.515741 0.015625 0.055556
0 0.270313 0.526389 0.016667 0.054630
0 0.262760 0.560185 0.016146 0.055556
0 0.296094 0.577778 0.010937 0.061111
0 0.283073 0.734722 0.029687 0.052778
0 0.271354 0.048611 0.035417 0.041667
0 0.286198 0.043519 0.018229 0.066667
