0 0.408594 0.569444 0.129688 0.255556
0 0.594531 0.813889 0.098437 0.216667
0 0.402344 0.820833 0.117188 0.202778
0 0.523438 0.809722 0.121875 0.225000
0 0.667969 0.186111 0.123438 0.205556
0 0.754687 0.600000 0.115625 0.188889
0 0.701562 0.402778 0.137500 0.211111
0 0.686719 0.812500 0.092188 0.213889
0 0.771875 0.808333 0.084375 0.205556
0 0.430469 0.322222 0.160938 0.294444
0 0.761719 0.212500 0.082812 0.202778
0 0.532813 0.419444 0.390625 0.705556
0 0.817187 0.520833 0.021875 0.786111
0 0.537500 0.380556 0.121875 0.177778
