0 0.408594 0.569444 0.132812 0.244444
0 0.594531 0.813889 0.098437 0.216667
0 0.396094 0.809722 0.101562 0.225000
0 0.496094 0.811111 0.101562 0.222222
0 0.663281 0.202778 0.132812 0.238889
0 0.475000 0.075000 0.221875 0.016667
0 0.740625 0.605556 0.143750 0.211111
0 0.652344 0.233333 0.160938 0.316667
0 0.739844 0.420833 0.145313 0.241667
0 0.687500 0.812500 0.093750 0.213889
0 0.771875 0.809722 0.084375 0.208333
0 0.446875 0.223611 0.178125 0.308333
0 0.761719 0.212500 0.082812 0.202778
0 0.509375 0.387500 0.343750 0.641667
