0 0.408594 0.523611 0.132812 0.325000
0 0.594531 0.813889 0.098437 0.216667
0 0.398438 0.812500 0.109375 0.219444
0 0.508594 0.809722 0.110937 0.225000
0 0.667969 0.186111 0.123438 0.205556
0 0.475000 0.075000 0.221875 0.016667
0 0.749219 0.604167 0.126562 0.208333
0 0.739062 0.418056 0.146875 0.241667
0 0.686719 0.812500 0.092188 0.213889
0 0.771875 0.808333 0.084375 0.205556
0 0.449219 0.269444 0.198437 0.405556
0 0.761719 0.212500 0.082812 0.202778
0 0.532813 0.419444 0.390625 0.705556
0 0.817187 0.520833 0.021875 0.786111
