0 0.408594 0.569444 0.132812 0.244444
0 0.594531 0.813889 0.098437 0.216667
0 0.396094 0.809722 0.101562 0.225000
0 0.496094 0.811111 0.101562 0.222222
0 0.667969 0.186111 0.123438 0.205556
0 0.475000 0.075000 0.221875 0.016667
0 0.740625 0.605556 0.143750 0.211111
0 0.651563 0.230556 0.159375 0.322222
0 0.739844 0.419444 0.145313 0.244444
0 0.686719 0.812500 0.092188 0.213889
0 0.771875 0.808333 0.084375 0.205556
0 0.446094 0.222222 0.179688 0.311111
0 0.761719 0.211111 0.082812 0.205556
0 0.536719 0.387500 0.398438 0.641667
0 0.817187 0.519444 0.021875 0.788889
