0 0.260590 0.641049 0.154514 0.248765
0 0.615625 0.404012 0.127083 0.236420
0 0.141146 0.645370 0.106597 0.221605
0 0.445833 0.239815 0.128472 0.189506
0 0.447917 0.424383 0.127083 0.182099
0 0.736285 0.401852 0.114236 0.225926
0 0.617014 0.632407 0.125694 0.226543
0 0.320486 0.248765 0.121528 0.192593
0 0.324653 0.430247 0.122222 0.182716
0 0.206771 0.265123 0.106597 0.188272
0 0.734896 0.177469 0.117014 0.230247
0 0.445139 0.815432 0.093056 0.275309
0 0.611458 0.167593 0.131250 0.235185
0 0.613368 0.840123 0.122569 0.206173
0 0.843056 0.406173 0.095833 0.213580
0 0.212500 0.437346 0.109722 0.175926
0 0.735938 0.620062 0.114931 0.214198
0 0.109896 0.290123 0.089931 0.177778
0 0.838889 0.195062 0.097222 0.225926
0 0.115625 0.451235 0.093750 0.167901
0 0.727778 0.821914 0.116667 0.203086
0 0.837326 0.613580 0.100347 0.203704
0 0.926736 0.409568 0.075694 0.200617
0 0.926389 0.217593 0.079861 0.209259
0 0.917014 0.608025 0.081944 0.192593
0 0.824653 0.804012 0.103472 0.198148
0 0.421181 0.670062 0.179167 0.316667
