0 0.258854 0.641667 0.152431 0.247531
0 0.615625 0.403704 0.127778 0.237037
0 0.736111 0.401852 0.113889 0.225926
0 0.617014 0.633642 0.126389 0.226543
0 0.142361 0.644444 0.109028 0.222222
0 0.447917 0.424074 0.127083 0.182716
0 0.446007 0.238889 0.128819 0.191358
0 0.320139 0.248457 0.122222 0.193210
0 0.324653 0.430247 0.121528 0.182716
0 0.206597 0.265741 0.106944 0.190741
0 0.613368 0.839815 0.121875 0.205556
0 0.735938 0.620062 0.114931 0.215432
0 0.842535 0.406481 0.096181 0.212963
0 0.611806 0.168827 0.131250 0.232716
0 0.734722 0.177469 0.117361 0.230247
0 0.212326 0.437346 0.110069 0.175926
0 0.456076 0.816049 0.115625 0.279012
0 0.727604 0.821914 0.117014 0.203086
0 0.114931 0.451543 0.093056 0.167284
0 0.839236 0.195370 0.096528 0.225309
0 0.837153 0.614198 0.100694 0.204938
0 0.926736 0.410185 0.077083 0.199383
0 0.926736 0.216667 0.081944 0.209877
0 0.108681 0.290123 0.091667 0.179012
0 0.917708 0.607407 0.083333 0.192593
0 0.421181 0.669753 0.181250 0.314815
0 0.825000 0.803395 0.102778 0.198148
