0 0.258854 0.641358 0.152431 0.248148
0 0.615625 0.403704 0.127778 0.237037
0 0.736111 0.401543 0.113889 0.226543
0 0.617014 0.632716 0.126389 0.228395
0 0.447917 0.424074 0.127083 0.181481
0 0.141667 0.644753 0.106944 0.221605
0 0.446007 0.239198 0.128819 0.190741
0 0.320486 0.248457 0.122222 0.193210
0 0.206424 0.265741 0.107292 0.189506
0 0.324826 0.430247 0.121875 0.182716
0 0.444965 0.814815 0.094792 0.276543
0 0.842708 0.406173 0.096528 0.213580
0 0.735590 0.619753 0.114931 0.214815
0 0.613368 0.839815 0.121875 0.205556
0 0.611979 0.169444 0.130903 0.230247
0 0.212153 0.437346 0.109722 0.177160
0 0.734896 0.177469 0.117014 0.230247
0 0.114931 0.451543 0.093056 0.168519
0 0.727604 0.821914 0.117014 0.203086
0 0.839236 0.195988 0.096528 0.225309
0 0.108681 0.289815 0.090972 0.178395
0 0.837326 0.613889 0.101042 0.204321
0 0.917535 0.607099 0.082986 0.193210
0 0.926910 0.409877 0.076736 0.198765
0 0.926389 0.216358 0.081944 0.210494
0 0.825174 0.803395 0.103125 0.198148
