0 0.258333 0.641667 0.151389 0.247531
0 0.615625 0.403704 0.127778 0.237037
0 0.736111 0.402160 0.113889 0.226543
0 0.616840 0.632716 0.126042 0.227160
0 0.447917 0.424074 0.127083 0.182716
0 0.142014 0.644753 0.107639 0.221605
0 0.446007 0.238272 0.129514 0.192593
0 0.445660 0.815432 0.094792 0.275309
0 0.324653 0.430247 0.121528 0.183951
0 0.206597 0.265123 0.106944 0.189506
0 0.319965 0.248148 0.121875 0.193827
0 0.842708 0.406790 0.096528 0.213580
0 0.613368 0.839815 0.121875 0.205556
0 0.611806 0.168519 0.131250 0.233333
0 0.735938 0.619753 0.114931 0.214815
0 0.735069 0.177778 0.116667 0.229630
0 0.212153 0.437346 0.109722 0.175926
0 0.115104 0.450926 0.092708 0.168519
0 0.727604 0.821605 0.117014 0.203704
0 0.839236 0.195062 0.096528 0.225926
0 0.836979 0.613889 0.101042 0.204321
0 0.108854 0.289506 0.090625 0.179012
0 0.926910 0.410185 0.076736 0.200617
0 0.917708 0.607716 0.083333 0.193210
0 0.926389 0.216975 0.081250 0.210494
0 0.824826 0.803704 0.103125 0.197531
0 0.421354 0.670062 0.180903 0.316667
