0 0.255903 0.690741 0.154861 0.251852
0 0.621007 0.477778 0.128125 0.239506
0 0.137847 0.699691 0.107639 0.221605
0 0.440799 0.464198 0.129514 0.191358
0 0.434375 0.278704 0.131250 0.199383
0 0.615972 0.244136 0.134028 0.233951
0 0.741667 0.467901 0.114583 0.227160
0 0.317882 0.477469 0.124653 0.188272
0 0.309375 0.294136 0.123611 0.200617
0 0.625000 0.702469 0.127083 0.232099
0 0.197396 0.317284 0.106597 0.192593
0 0.738889 0.243519 0.118750 0.225309
0 0.459896 0.842901 0.123958 0.237654
0 0.206250 0.490432 0.111111 0.179630
0 0.847569 0.465123 0.095833 0.211728
0 0.744444 0.680556 0.111111 0.220370
0 0.842187 0.250926 0.097569 0.219136
0 0.110069 0.507099 0.094444 0.169753
0 0.102083 0.346914 0.089583 0.177778
0 0.624479 0.881790 0.121875 0.158642
0 0.845139 0.666358 0.097917 0.211728
0 0.930729 0.459877 0.073264 0.198765
0 0.928299 0.262346 0.080903 0.203704
