0 0.405382 0.540741 0.133681 0.232099
0 0.279861 0.531790 0.119444 0.229012
0 0.279514 0.098457 0.188889 0.182099
0 0.656424 0.735185 0.124653 0.183951
0 0.529861 0.745679 0.127778 0.180247
0 0.695833 0.099691 0.206944 0.184568
0 0.402778 0.746914 0.125000 0.179012
0 0.282639 0.737037 0.114583 0.179012
0 0.657986 0.906173 0.122917 0.169136
0 0.570139 0.477778 0.188889 0.358025
0 0.284201 0.903395 0.115625 0.173457
0 0.532118 0.913889 0.128125 0.153704
0 0.405208 0.913580 0.124306 0.154321
0 0.917188 0.127778 0.153819 0.240741
