0 0.260417 0.641667 0.155556 0.247531
0 0.615799 0.404012 0.127431 0.237654
0 0.142014 0.644753 0.107639 0.221605
0 0.617014 0.633333 0.126389 0.227160
0 0.736111 0.402160 0.113889 0.226543
0 0.447743 0.424383 0.127431 0.182099
0 0.446181 0.238272 0.129861 0.191358
0 0.320312 0.248457 0.121875 0.193210
0 0.206424 0.265432 0.106597 0.190123
0 0.324826 0.429938 0.121875 0.183333
0 0.613368 0.839815 0.121875 0.205556
0 0.212153 0.437346 0.109722 0.175926
0 0.842535 0.406481 0.096181 0.212963
0 0.735938 0.620062 0.114931 0.215432
0 0.611806 0.168827 0.131250 0.232716
0 0.735069 0.177778 0.116667 0.229630
0 0.445660 0.815432 0.094097 0.276543
0 0.114931 0.451235 0.093750 0.167901
0 0.109375 0.290123 0.089583 0.177778
0 0.926910 0.410185 0.076736 0.199383
0 0.839236 0.195679 0.096528 0.225926
0 0.727604 0.821914 0.117014 0.203086
0 0.836979 0.614198 0.101042 0.204938
0 0.917535 0.608025 0.082986 0.192593
0 0.926389 0.216975 0.080556 0.210494
0 0.825174 0.803395 0.103125 0.198148
0 0.421528 0.670370 0.181944 0.316049
