0 0.259201 0.641049 0.151736 0.248765
0 0.615799 0.403704 0.127431 0.237037
0 0.141493 0.645370 0.106597 0.221605
0 0.446007 0.239815 0.128819 0.189506
0 0.447917 0.424074 0.127083 0.182716
0 0.320486 0.248765 0.121528 0.192593
0 0.736285 0.402160 0.114236 0.225309
0 0.617188 0.632407 0.125347 0.226543
0 0.206944 0.265123 0.106944 0.188272
0 0.324826 0.430556 0.121875 0.183333
0 0.613368 0.839815 0.122569 0.205556
0 0.611632 0.167901 0.130903 0.233333
0 0.734896 0.177469 0.117014 0.230247
0 0.843056 0.406481 0.095833 0.212963
0 0.212500 0.437654 0.109722 0.175309
0 0.735938 0.620370 0.114931 0.214815
0 0.445486 0.815123 0.093750 0.275926
0 0.109375 0.290741 0.090278 0.175309
0 0.115451 0.450926 0.093403 0.168519
0 0.728299 0.821914 0.115625 0.203086
0 0.839410 0.195370 0.096875 0.225309
0 0.836979 0.614198 0.100347 0.204938
0 0.926736 0.409877 0.075694 0.200000
0 0.926389 0.217284 0.079861 0.209877
0 0.916840 0.608333 0.082292 0.193210
0 0.825174 0.804012 0.103125 0.198148
0 0.420312 0.669444 0.178819 0.315432
