0 0.259549 0.640741 0.152431 0.248148
0 0.615799 0.403704 0.127431 0.237037
0 0.141146 0.645062 0.106597 0.220988
0 0.446007 0.239506 0.128125 0.190123
0 0.736285 0.402160 0.114236 0.225309
0 0.617188 0.633025 0.125347 0.225309
0 0.320486 0.248765 0.121528 0.192593
0 0.447917 0.424074 0.127083 0.181481
0 0.206771 0.265432 0.106597 0.188889
0 0.324826 0.430247 0.121875 0.182716
0 0.613542 0.839506 0.122222 0.206173
0 0.734896 0.177469 0.117014 0.230247
0 0.611632 0.168210 0.130903 0.232716
0 0.843056 0.406481 0.095833 0.212963
0 0.736111 0.619753 0.114583 0.214815
0 0.212500 0.437346 0.109722 0.175926
0 0.109549 0.291049 0.089236 0.175926
0 0.838889 0.195062 0.097222 0.225926
0 0.115278 0.450926 0.093750 0.167284
0 0.445486 0.815741 0.093750 0.274691
0 0.727778 0.821914 0.115972 0.203086
0 0.926562 0.216667 0.080208 0.209877
0 0.926736 0.410185 0.075694 0.199383
0 0.836979 0.613889 0.100347 0.204321
0 0.825174 0.803704 0.103125 0.197531
0 0.917188 0.608025 0.082292 0.193827
