0 0.258681 0.640432 0.150694 0.248765
0 0.141493 0.644753 0.107292 0.220370
0 0.615625 0.403395 0.127778 0.237654
0 0.617014 0.632407 0.125694 0.225309
0 0.447917 0.423457 0.127083 0.181481
0 0.446007 0.239198 0.128819 0.190741
0 0.736285 0.401235 0.114236 0.225926
0 0.320660 0.248148 0.121875 0.192593
0 0.206771 0.264506 0.106597 0.188272
0 0.324653 0.429630 0.122222 0.182716
0 0.611632 0.167901 0.131597 0.233333
0 0.734896 0.177469 0.117014 0.230247
0 0.613368 0.839815 0.122569 0.205556
0 0.843056 0.406481 0.095833 0.212963
0 0.212674 0.436420 0.109375 0.176543
0 0.735764 0.619444 0.114583 0.214198
0 0.109722 0.290432 0.089583 0.175926
0 0.114931 0.450617 0.093056 0.166667
0 0.839063 0.194753 0.096875 0.226543
0 0.728125 0.821914 0.115972 0.201852
0 0.926042 0.216358 0.080556 0.210494
0 0.926736 0.409877 0.075694 0.200000
0 0.837326 0.613272 0.099653 0.204321
0 0.916667 0.608025 0.081944 0.192593
0 0.445660 0.816049 0.093403 0.274074
0 0.824653 0.803704 0.103472 0.198765
0 0.420660 0.669136 0.180208 0.316049
