0 0.261111 0.641358 0.158333 0.248148
0 0.615625 0.403704 0.127778 0.237037
0 0.736111 0.402160 0.113889 0.226543
0 0.142187 0.644444 0.108681 0.222222
0 0.616840 0.633025 0.126042 0.227778
0 0.447917 0.424074 0.127083 0.182716
0 0.446007 0.238580 0.129514 0.191975
0 0.320139 0.248457 0.122222 0.193210
0 0.324826 0.429938 0.121875 0.183333
0 0.206597 0.265741 0.106944 0.189506
0 0.611979 0.169136 0.130903 0.230864
0 0.734896 0.177778 0.117014 0.229630
0 0.842708 0.406173 0.096528 0.213580
0 0.735764 0.619753 0.115278 0.214815
0 0.613368 0.839506 0.121875 0.206173
0 0.212153 0.436728 0.109722 0.177160
0 0.114931 0.451543 0.093056 0.168519
0 0.446007 0.816049 0.095486 0.275309
0 0.839236 0.195062 0.096528 0.225926
0 0.727604 0.821605 0.117014 0.203704
0 0.836979 0.614198 0.101042 0.204938
0 0.108507 0.290432 0.091319 0.178395
0 0.926736 0.410185 0.076389 0.199383
0 0.926215 0.216667 0.081597 0.209877
0 0.917708 0.607716 0.083333 0.193210
0 0.825000 0.803395 0.103472 0.198148
