0 0.260417 0.640741 0.154167 0.248148
0 0.615451 0.403395 0.127431 0.237654
0 0.140972 0.644753 0.106250 0.220370
0 0.445833 0.239815 0.128472 0.189506
0 0.447917 0.423765 0.127083 0.182099
0 0.320660 0.248148 0.121875 0.192593
0 0.736285 0.401543 0.114236 0.225309
0 0.617361 0.632716 0.125000 0.224691
0 0.206771 0.265123 0.106597 0.188272
0 0.324826 0.429630 0.121875 0.182716
0 0.611979 0.168519 0.130903 0.232099
0 0.735069 0.177469 0.117361 0.230247
0 0.613368 0.839815 0.122569 0.206790
0 0.842882 0.406481 0.095486 0.212963
0 0.735938 0.619444 0.114931 0.214198
0 0.212500 0.437037 0.109722 0.176543
0 0.109549 0.290123 0.089931 0.176543
0 0.445312 0.815432 0.094097 0.276543
0 0.114757 0.450617 0.092708 0.167901
0 0.839063 0.194444 0.096875 0.227160
0 0.728125 0.821914 0.115972 0.201852
0 0.926910 0.410185 0.076042 0.200617
0 0.926389 0.216975 0.079861 0.209259
0 0.837500 0.613272 0.100000 0.204321
0 0.917014 0.607407 0.081250 0.192593
0 0.824826 0.804012 0.103125 0.199383
