0 0.259201 0.640741 0.152431 0.248148
0 0.615451 0.403704 0.127431 0.237037
0 0.141146 0.644753 0.106597 0.221605
0 0.445833 0.239815 0.128472 0.189506
0 0.447917 0.423765 0.127083 0.182099
0 0.320486 0.248765 0.122222 0.192593
0 0.736285 0.401852 0.114236 0.225926
0 0.206771 0.264815 0.106597 0.187654
0 0.617361 0.633025 0.125000 0.226543
0 0.324653 0.429938 0.121528 0.183333
0 0.611806 0.168210 0.131250 0.232716
0 0.735069 0.177778 0.116667 0.229630
0 0.843056 0.406790 0.095833 0.213580
0 0.613368 0.839815 0.122569 0.205556
0 0.212500 0.437346 0.109722 0.175926
0 0.735938 0.620062 0.114931 0.214198
0 0.109549 0.289815 0.089931 0.177160
0 0.839236 0.195370 0.096528 0.226543
0 0.115278 0.450309 0.093056 0.168519
0 0.445660 0.815741 0.093403 0.274691
0 0.728299 0.821605 0.115625 0.202469
0 0.926736 0.410185 0.075694 0.200617
0 0.837153 0.613889 0.100694 0.204321
0 0.926389 0.216975 0.079861 0.210494
0 0.916840 0.608333 0.081597 0.191975
