0 0.287153 0.608951 0.160417 0.253704
0 0.166146 0.620370 0.108681 0.219753
0 0.646007 0.604012 0.126736 0.229012
0 0.642708 0.376543 0.127778 0.237037
0 0.461806 0.198457 0.131250 0.194444
0 0.467535 0.380864 0.128819 0.190123
0 0.762847 0.374074 0.113194 0.225926
0 0.337326 0.215123 0.123958 0.199383
0 0.345486 0.395370 0.125000 0.189506
0 0.473438 0.777160 0.092014 0.271605
0 0.225174 0.240741 0.107986 0.192593
0 0.644097 0.811111 0.122222 0.207407
0 0.764410 0.591667 0.112153 0.215432
0 0.637500 0.142284 0.132639 0.232716
0 0.867882 0.376852 0.094792 0.214198
0 0.759549 0.150617 0.117014 0.228395
0 0.234375 0.411111 0.112500 0.180247
0 0.756424 0.794136 0.115625 0.203086
0 0.862847 0.167284 0.097222 0.224691
0 0.128993 0.275309 0.090625 0.179012
0 0.136806 0.432716 0.095139 0.170370
0 0.949826 0.381481 0.071875 0.201235
0 0.863715 0.585185 0.097569 0.203704
0 0.851910 0.775926 0.101042 0.196296
0 0.941667 0.581790 0.079167 0.191975
