0 0.260764 0.641667 0.156250 0.247531
0 0.615625 0.404321 0.127778 0.237037
0 0.736111 0.401852 0.113889 0.225926
0 0.142361 0.643519 0.109028 0.222840
0 0.617014 0.633642 0.125694 0.226543
0 0.447743 0.424074 0.127431 0.181481
0 0.445833 0.238889 0.129167 0.192593
0 0.320139 0.248457 0.122222 0.193210
0 0.324826 0.429938 0.121875 0.183333
0 0.206597 0.265432 0.106944 0.188889
0 0.613368 0.839506 0.121875 0.206173
0 0.842708 0.406481 0.096528 0.212963
0 0.735764 0.620062 0.114583 0.214198
0 0.212326 0.437037 0.110069 0.176543
0 0.446007 0.815123 0.094792 0.275926
0 0.611806 0.168827 0.131250 0.232716
0 0.735069 0.177469 0.116667 0.230247
0 0.115278 0.451543 0.093056 0.168519
0 0.727778 0.821914 0.116667 0.203086
0 0.109201 0.289198 0.089931 0.179630
0 0.836979 0.614198 0.101042 0.204938
0 0.839236 0.195679 0.096528 0.225926
0 0.927083 0.409877 0.076389 0.200000
0 0.917361 0.607716 0.083333 0.193210
0 0.926562 0.216667 0.080903 0.209877
0 0.825000 0.803086 0.102778 0.197531
