0 0.284375 0.608951 0.155556 0.253704
0 0.166146 0.620370 0.108681 0.219753
0 0.642708 0.376543 0.127778 0.237037
0 0.646007 0.604938 0.126042 0.228395
0 0.467535 0.380556 0.128819 0.190741
0 0.461806 0.198765 0.131250 0.193827
0 0.762847 0.374074 0.113194 0.225926
0 0.337674 0.215432 0.123958 0.198765
0 0.644097 0.812346 0.122222 0.206173
0 0.225174 0.240741 0.107292 0.193827
0 0.345486 0.395370 0.125000 0.189506
0 0.759549 0.150617 0.117708 0.228395
0 0.637326 0.143210 0.132292 0.230864
0 0.764236 0.591667 0.112500 0.215432
0 0.868229 0.377469 0.094792 0.214198
0 0.234375 0.411728 0.112500 0.180247
0 0.756597 0.794136 0.115278 0.203086
0 0.128646 0.275309 0.090625 0.179012
0 0.862847 0.167593 0.097222 0.224074
0 0.473090 0.777160 0.090625 0.271605
0 0.863889 0.585185 0.097917 0.203704
0 0.950174 0.381481 0.072569 0.201235
0 0.136979 0.433642 0.095486 0.169753
0 0.851910 0.776543 0.101042 0.196296
0 0.941667 0.581481 0.079167 0.191358
0 0.947569 0.189815 0.078472 0.208025
