0 0.260243 0.641049 0.153819 0.248765
0 0.615625 0.404012 0.127778 0.236420
0 0.140972 0.645370 0.105556 0.220370
0 0.736458 0.402160 0.114583 0.225309
0 0.447917 0.424074 0.127083 0.181481
0 0.445833 0.240123 0.128472 0.188889
0 0.617361 0.632716 0.125000 0.225926
0 0.320486 0.248765 0.121528 0.192593
0 0.324826 0.430247 0.121875 0.182716
0 0.206771 0.265123 0.106597 0.189506
0 0.613542 0.840432 0.122222 0.205556
0 0.735069 0.177778 0.116667 0.230864
0 0.611806 0.168827 0.131250 0.232716
0 0.736111 0.620062 0.115278 0.214198
0 0.843229 0.406790 0.095486 0.213580
0 0.212500 0.437346 0.109722 0.175926
0 0.109549 0.290123 0.089931 0.176543
0 0.839063 0.195370 0.096875 0.225309
0 0.115451 0.450617 0.093403 0.167901
0 0.727951 0.821914 0.115625 0.203086
0 0.926736 0.410494 0.075694 0.200000
0 0.926389 0.217284 0.079861 0.209877
0 0.836979 0.613889 0.099653 0.204321
0 0.445312 0.816667 0.092708 0.272840
0 0.917361 0.608025 0.081944 0.192593
0 0.825000 0.803395 0.103472 0.198148
0 0.421181 0.669444 0.179861 0.317901
