0 0.259375 0.641049 0.152083 0.248765
0 0.615625 0.403704 0.127778 0.237037
0 0.141319 0.645062 0.106944 0.220988
0 0.445833 0.239198 0.128472 0.189506
0 0.447917 0.423765 0.127083 0.182099
0 0.736285 0.401852 0.114236 0.225926
0 0.320660 0.248457 0.121875 0.193210
0 0.617188 0.632716 0.126042 0.225926
0 0.206771 0.264815 0.106597 0.187654
0 0.324653 0.430247 0.122222 0.182716
0 0.613368 0.840432 0.122569 0.205556
0 0.611806 0.168210 0.131250 0.232716
0 0.734896 0.178086 0.117014 0.230247
0 0.444965 0.815741 0.092708 0.274691
0 0.212500 0.437346 0.109722 0.175926
0 0.843056 0.406481 0.095833 0.212963
0 0.735938 0.620062 0.114931 0.214198
0 0.109375 0.290741 0.089583 0.176543
0 0.115104 0.450617 0.092708 0.167901
0 0.839410 0.195370 0.096875 0.225309
0 0.727951 0.822222 0.115625 0.202469
0 0.926736 0.409877 0.075694 0.201235
0 0.926562 0.217284 0.080208 0.209877
0 0.837326 0.613889 0.100347 0.204321
0 0.825000 0.803704 0.103472 0.198765
0 0.917014 0.608333 0.081944 0.193210
