0 0.285243 0.609259 0.156597 0.254321
0 0.646007 0.604321 0.126736 0.229630
0 0.642708 0.376852 0.127778 0.237654
0 0.467535 0.380864 0.128819 0.190123
0 0.461806 0.199074 0.131250 0.193210
0 0.763021 0.374074 0.112847 0.225926
0 0.166146 0.620679 0.108681 0.219136
0 0.337674 0.215123 0.123958 0.199383
0 0.644271 0.812037 0.121875 0.206790
0 0.345486 0.395370 0.125000 0.189506
0 0.225000 0.241049 0.107639 0.194444
0 0.637326 0.142593 0.132986 0.232099
0 0.759549 0.150617 0.117708 0.228395
0 0.764410 0.591667 0.112153 0.215432
0 0.868229 0.376852 0.094792 0.214198
0 0.234375 0.412346 0.112500 0.181481
0 0.756944 0.794136 0.115278 0.203086
0 0.862847 0.166975 0.097222 0.224074
0 0.950000 0.381173 0.072222 0.201852
0 0.128819 0.275309 0.090972 0.179012
0 0.863889 0.585185 0.097917 0.203704
0 0.136806 0.433025 0.095139 0.169753
0 0.473611 0.777469 0.092361 0.270988
0 0.851910 0.776543 0.101042 0.197531
0 0.941493 0.581790 0.079514 0.191975
0 0.947743 0.189198 0.078819 0.209259
