0 0.258854 0.641358 0.151042 0.248148
0 0.615451 0.404012 0.127431 0.237654
0 0.445833 0.239815 0.128472 0.189506
0 0.141319 0.645062 0.106944 0.220988
0 0.447917 0.424074 0.126389 0.182716
0 0.736285 0.402160 0.114236 0.225309
0 0.320660 0.248457 0.121875 0.193210
0 0.617188 0.632407 0.125347 0.225309
0 0.206771 0.265123 0.106597 0.188272
0 0.324479 0.430247 0.121875 0.182716
0 0.734896 0.177778 0.117014 0.230864
0 0.613368 0.840123 0.122569 0.204938
0 0.611632 0.168827 0.130903 0.232716
0 0.735764 0.620062 0.114583 0.214198
0 0.843056 0.406481 0.095833 0.212963
0 0.212500 0.437037 0.109722 0.175309
0 0.109549 0.290741 0.089931 0.175309
0 0.839063 0.195062 0.097569 0.225926
0 0.445312 0.815741 0.092708 0.274691
0 0.114931 0.450617 0.093056 0.169136
0 0.728125 0.821914 0.115972 0.203086
0 0.837153 0.614198 0.100000 0.204938
0 0.926389 0.216975 0.079861 0.209259
0 0.926736 0.410185 0.075694 0.200617
0 0.917188 0.608025 0.081597 0.192593
0 0.824826 0.803395 0.103125 0.198148
0 0.420486 0.669444 0.179861 0.315432
