0 0.261806 0.641358 0.158333 0.248148
0 0.615625 0.404012 0.127778 0.237654
0 0.142187 0.645062 0.107986 0.220988
0 0.736111 0.401852 0.113889 0.225926
0 0.448090 0.424074 0.127431 0.182716
0 0.617188 0.633025 0.126042 0.226543
0 0.446181 0.238889 0.129167 0.191358
0 0.320139 0.248148 0.122222 0.192593
0 0.324826 0.429938 0.121875 0.183333
0 0.206597 0.265123 0.106250 0.189506
0 0.446007 0.814506 0.095486 0.277160
0 0.212326 0.437037 0.110069 0.176543
0 0.842708 0.406790 0.096528 0.213580
0 0.613542 0.839506 0.121528 0.206173
0 0.611806 0.169136 0.131250 0.232099
0 0.735764 0.620370 0.115278 0.214815
0 0.735069 0.177778 0.116667 0.229630
0 0.109201 0.290123 0.089931 0.177778
0 0.115104 0.451235 0.093403 0.167901
0 0.839410 0.195679 0.096181 0.224691
0 0.727778 0.822222 0.116667 0.202469
0 0.927083 0.410185 0.076389 0.199383
0 0.837153 0.613889 0.100694 0.204321
0 0.917708 0.607407 0.082639 0.192593
0 0.926562 0.216667 0.080903 0.209877
0 0.825174 0.803704 0.103125 0.197531
