0 0.259201 0.640741 0.151736 0.248148
0 0.615799 0.403704 0.127431 0.237037
0 0.141146 0.645370 0.106597 0.221605
0 0.446007 0.239815 0.128819 0.189506
0 0.447917 0.424383 0.127083 0.182099
0 0.736285 0.401852 0.114236 0.225926
0 0.320660 0.248765 0.121875 0.192593
0 0.617188 0.633025 0.125347 0.226543
0 0.206771 0.265123 0.106597 0.188272
0 0.324653 0.429938 0.122222 0.183333
0 0.613542 0.840432 0.122222 0.205556
0 0.734896 0.177469 0.117014 0.230247
0 0.444792 0.816049 0.092361 0.274074
0 0.611632 0.167593 0.130903 0.233951
0 0.736111 0.620062 0.114583 0.215432
0 0.843229 0.406790 0.096181 0.213580
0 0.212674 0.437037 0.110069 0.176543
0 0.109549 0.290432 0.089931 0.177160
0 0.839063 0.195370 0.096875 0.225309
0 0.115104 0.450926 0.093403 0.168519
0 0.728299 0.821914 0.115625 0.203086
0 0.837153 0.613580 0.100000 0.203704
0 0.926562 0.217593 0.079514 0.210494
0 0.926562 0.409877 0.075347 0.201235
0 0.824826 0.803395 0.103125 0.198148
0 0.917014 0.607716 0.081944 0.193210
