0 0.286285 0.547531 0.158681 0.256790
0 0.473958 0.716358 0.093750 0.269753
0 0.642882 0.314506 0.128125 0.236420
0 0.763021 0.313272 0.112847 0.225309
0 0.646007 0.542593 0.126042 0.227160
0 0.467882 0.317593 0.129514 0.189506
0 0.643750 0.750617 0.121528 0.204938
0 0.462153 0.137037 0.131250 0.191358
0 0.165799 0.560494 0.107986 0.219753
0 0.345486 0.332716 0.125000 0.190123
0 0.764410 0.532099 0.112847 0.213580
0 0.337500 0.154012 0.124306 0.199383
0 0.868056 0.321296 0.094444 0.215432
0 0.225000 0.182099 0.107639 0.195062
0 0.638542 0.099383 0.131944 0.197531
0 0.234201 0.351852 0.112153 0.182716
0 0.759896 0.104630 0.117014 0.208025
0 0.756771 0.735185 0.114931 0.201235
0 0.862500 0.115432 0.099306 0.224691
0 0.136806 0.376852 0.095139 0.173457
0 0.949653 0.330556 0.072222 0.201852
0 0.127951 0.219136 0.092708 0.181481
0 0.863715 0.529012 0.097569 0.201235
0 0.851389 0.722531 0.100694 0.193210
0 0.947222 0.141358 0.079861 0.209877
0 0.941319 0.530247 0.079167 0.187654
