0 0.260417 0.641049 0.154167 0.248765
0 0.615799 0.404012 0.127431 0.236420
0 0.141319 0.645062 0.106250 0.220988
0 0.447917 0.424074 0.126389 0.181481
0 0.446007 0.239198 0.128819 0.190741
0 0.736285 0.401543 0.114236 0.225309
0 0.617014 0.633025 0.125694 0.225309
0 0.320486 0.248765 0.122222 0.192593
0 0.206771 0.264815 0.106597 0.187654
0 0.324826 0.430247 0.121875 0.182716
0 0.613368 0.840432 0.122569 0.206790
0 0.734896 0.177778 0.117014 0.230864
0 0.611632 0.167901 0.130903 0.234568
0 0.212674 0.437037 0.109375 0.176543
0 0.736111 0.619753 0.114583 0.216049
0 0.843056 0.406481 0.095833 0.212963
0 0.115278 0.450617 0.093056 0.167901
0 0.109549 0.290432 0.089931 0.177160
0 0.839063 0.195062 0.096875 0.225926
0 0.728299 0.821914 0.115625 0.203086
0 0.926736 0.410185 0.075694 0.200617
0 0.837153 0.613889 0.100000 0.204321
0 0.926215 0.216975 0.080208 0.209259
0 0.917014 0.608333 0.081250 0.191975
0 0.825000 0.803704 0.103472 0.198765
