0 0.259549 0.641049 0.152431 0.248765
0 0.141667 0.644753 0.106944 0.221605
0 0.615625 0.403704 0.127083 0.237037
0 0.445833 0.240123 0.128472 0.188889
0 0.320312 0.248457 0.121875 0.193210
0 0.447917 0.424074 0.126389 0.181481
0 0.736285 0.401543 0.114236 0.225309
0 0.206771 0.265123 0.106597 0.188272
0 0.617014 0.633025 0.125694 0.225309
0 0.324826 0.430247 0.121875 0.182716
0 0.734896 0.177469 0.117014 0.230247
0 0.613368 0.840432 0.122569 0.204321
0 0.611806 0.168827 0.130556 0.231481
0 0.212674 0.437037 0.110069 0.176543
0 0.842882 0.406481 0.096181 0.212963
0 0.735938 0.620062 0.114931 0.214198
0 0.109375 0.290741 0.090278 0.176543
0 0.115278 0.450617 0.093750 0.167901
0 0.839410 0.195679 0.096875 0.225926
0 0.728125 0.821605 0.115278 0.202469
0 0.926910 0.410494 0.075347 0.200000
0 0.926562 0.217284 0.079514 0.209877
0 0.837326 0.613580 0.100347 0.203704
0 0.445312 0.815741 0.093403 0.275926
0 0.917188 0.608642 0.081597 0.192593
0 0.825174 0.803704 0.103125 0.197531
