0 0.284896 0.609568 0.155903 0.253704
0 0.645833 0.604012 0.126389 0.229012
0 0.642708 0.376543 0.127778 0.237037
0 0.762847 0.374074 0.113194 0.225926
0 0.165799 0.620370 0.107986 0.219753
0 0.467535 0.380864 0.128819 0.190123
0 0.461806 0.198148 0.131250 0.193827
0 0.337500 0.215123 0.123611 0.199383
0 0.225174 0.241358 0.107986 0.193827
0 0.644271 0.812037 0.121875 0.206790
0 0.345486 0.395988 0.125000 0.189506
0 0.764410 0.591667 0.112153 0.215432
0 0.759375 0.150617 0.117361 0.228395
0 0.234201 0.411728 0.112153 0.181481
0 0.637500 0.143210 0.132639 0.232099
0 0.868229 0.376852 0.094792 0.214198
0 0.756771 0.794136 0.114931 0.203086
0 0.862674 0.167593 0.097569 0.224074
0 0.474306 0.778086 0.093056 0.269753
0 0.128819 0.275000 0.090972 0.179630
0 0.950000 0.381481 0.072222 0.201235
0 0.863715 0.585185 0.097569 0.203704
0 0.136979 0.433642 0.094792 0.169753
0 0.941667 0.581481 0.079167 0.192593
0 0.851910 0.776543 0.101042 0.196296
