0 0.259722 0.641358 0.153472 0.248148
0 0.615625 0.403086 0.127778 0.238272
0 0.735938 0.401852 0.114236 0.225926
0 0.141840 0.644444 0.107986 0.220988
0 0.447917 0.423765 0.127778 0.183333
0 0.617014 0.632407 0.126389 0.227778
0 0.446181 0.238272 0.129167 0.191358
0 0.320312 0.248148 0.121875 0.193827
0 0.324826 0.429938 0.121875 0.183333
0 0.206597 0.265123 0.106944 0.189506
0 0.445833 0.815123 0.094444 0.275926
0 0.842882 0.406173 0.096875 0.213580
0 0.613368 0.839506 0.121181 0.204938
0 0.212326 0.437346 0.110069 0.177160
0 0.735069 0.177469 0.116667 0.230247
0 0.611806 0.168210 0.131250 0.232716
0 0.735938 0.619753 0.114931 0.214815
0 0.115278 0.450926 0.093056 0.168519
0 0.839410 0.195062 0.096875 0.225926
0 0.109201 0.289815 0.089931 0.178395
0 0.727951 0.821605 0.116319 0.204938
0 0.927083 0.409877 0.076389 0.200000
0 0.836979 0.614198 0.101042 0.204938
0 0.917535 0.607716 0.082986 0.193210
0 0.926215 0.216667 0.080903 0.211111
0 0.825000 0.803395 0.103472 0.198148
0 0.421181 0.669753 0.181250 0.316049
