0 0.259722 0.640741 0.152778 0.248148
0 0.615799 0.403395 0.127431 0.236420
0 0.141840 0.644753 0.107292 0.221605
0 0.445833 0.238889 0.128472 0.190123
0 0.448090 0.423765 0.126736 0.182099
0 0.617014 0.632716 0.125694 0.225926
0 0.736111 0.401852 0.113889 0.225926
0 0.320660 0.248765 0.121875 0.192593
0 0.206771 0.264815 0.106597 0.187654
0 0.324826 0.429938 0.121875 0.182099
0 0.613715 0.838889 0.122569 0.206173
0 0.734896 0.177160 0.117014 0.230864
0 0.212500 0.437346 0.109722 0.175926
0 0.611806 0.168210 0.130556 0.232716
0 0.842882 0.406481 0.096181 0.214198
0 0.735938 0.619753 0.114236 0.214815
0 0.446007 0.816049 0.093403 0.275309
0 0.109722 0.290741 0.089583 0.176543
0 0.115451 0.450617 0.093403 0.167901
0 0.839063 0.195370 0.096875 0.225309
0 0.728125 0.821914 0.115278 0.203086
0 0.837500 0.613580 0.100000 0.203704
0 0.926215 0.217284 0.080903 0.209877
0 0.926562 0.410185 0.075347 0.200617
0 0.917188 0.608642 0.082292 0.192593
0 0.824826 0.804630 0.103125 0.198148
