0 0.259201 0.702469 0.151736 0.245679
0 0.615278 0.466358 0.127778 0.237654
0 0.140278 0.702778 0.105556 0.220370
0 0.447743 0.486728 0.126736 0.183333
0 0.735590 0.462654 0.114236 0.225309
0 0.445486 0.302469 0.128472 0.190123
0 0.320312 0.310185 0.121875 0.191975
0 0.324653 0.492284 0.122222 0.180864
0 0.617361 0.693827 0.125694 0.228395
0 0.206771 0.324074 0.106597 0.186420
0 0.611285 0.228395 0.131597 0.237037
0 0.734375 0.236728 0.117361 0.229012
0 0.212500 0.497222 0.109028 0.173457
0 0.842361 0.464506 0.095833 0.212963
0 0.735938 0.680247 0.114931 0.217284
0 0.109375 0.345679 0.089583 0.174074
0 0.114583 0.507407 0.092361 0.165432
0 0.838715 0.250617 0.097569 0.223457
0 0.612674 0.879938 0.123958 0.162346
0 0.837153 0.670062 0.100000 0.206790
0 0.926042 0.463889 0.076389 0.199383
0 0.926042 0.267284 0.079861 0.208642
