0 0.346875 0.512500 0.051042 0.078704
0 0.173698 0.299537 0.133854 0.104630
0 0.175000 0.402778 0.142708 0.083333
0 0.556771 0.149537 0.082292 0.145370
0 0.556250 0.289352 0.085417 0.147222
0 0.420573 0.386111 0.031771 0.064815
0 0.273438 0.871759 0.119792 0.223148
0 0.397135 0.700000 0.141146 0.238889
0 0.398958 0.874074 0.136458 0.129630
0 0.405990 0.973148 0.123438 0.070370
0 0.562240 0.960185 0.081771 0.105556
0 0.606510 0.911574 0.078646 0.069444
0 0.677865 0.763889 0.119271 0.157407
0 0.558594 0.522222 0.091146 0.120370
0 0.555469 0.602315 0.093229 0.110185
0 0.555729 0.747685 0.084375 0.123148
0 0.715365 0.951852 0.095312 0.094444
0 0.686458 0.856019 0.105208 0.117593
