0 0.236719 0.136574 0.097396 0.110185
0 0.242448 0.254167 0.103646 0.117593
0 0.553906 0.146296 0.074479 0.155556
0 0.553125 0.287037 0.085417 0.146296
0 0.683073 0.168519 0.100521 0.144444
0 0.679688 0.291667 0.103125 0.155556
0 0.673958 0.762500 0.123958 0.163889
0 0.571615 0.885648 0.113021 0.123148
0 0.565365 0.450000 0.119271 0.127778
0 0.557031 0.527315 0.095312 0.108333
0 0.557031 0.600000 0.093229 0.096296
0 0.833854 0.162500 0.079167 0.104630
0 0.835156 0.237500 0.038021 0.128704
0 0.870052 0.256944 0.032813 0.147222
0 0.803385 0.236574 0.032813 0.091667
0 0.779687 0.217593 0.018750 0.077778
0 0.771094 0.331019 0.020313 0.099074
0 0.787500 0.347685 0.017708 0.093519
0 0.807813 0.353704 0.016667 0.094444
0 0.845833 0.373611 0.068750 0.089815
0 0.849740 0.494444 0.050521 0.107407
0 0.973177 0.218981 0.060937 0.100926
0 0.970052 0.281944 0.066146 0.097222
0 0.907292 0.267130 0.060417 0.160185
0 0.543750 0.705556 0.095833 0.109259
0 0.685677 0.875463 0.100521 0.097222
0 0.698438 0.960185 0.120833 0.085185
0 0.859115 0.781944 0.045312 0.130556
0 0.874740 0.694907 0.046354 0.150926
0 0.844010 0.849537 0.039062 0.128704
